function abc1234 = tab2abc_4(tab_t01234, tab_G01234)

	t0=tab_t01234(1);
	t1=tab_t01234(2);
	t2=tab_t01234(3);
	t3=tab_t01234(4);
	t4=tab_t01234(5);
	G0=tab_G01234(1);
	G1=tab_G01234(2);
	G2=tab_G01234(3);
	G3=tab_G01234(4);
	G4=tab_G01234(5);

	V = [G0; G1; G1; G2; G2; G3; G3; G4; 0; 0; 0; 0];

	M = [	t0^2,	t0,	1,	0,	0,	0,	0,	0,	0, 	0,	0,	0;	%1
		t1^2,	t1,	1,	0,	0,	0,	0,	0,	0, 	0,	0,	0;	%2
		0,	0,	0,	t1^2,	t1,	1,	0,	0,	0,	0,	0,	0;	%3
		0,	0,	0,	t2^2,	t2,	1,	0,	0,	0,	0,	0,	0;	%4
		0,	0,	0,	0,	0,	0,	t2^2,	t2,	1,	0,	0,	0;	%5
		0,	0,	0,	0,	0,	0,	t3^2,	t3,	1,	0,	0,	0;	%6
		0,	0,	0,	0,	0,	0,	0,	0,	0,	t3^2,	t3,	1;	%7
		0,	0,	0,	0,	0,	0,	0,	0,	0,	t4^2,	t4,	1;	%8
		2*t1,	1,	0,	-2*t1,	-1,	0,	0,	0,	0,	0,	0,	0;	%9
		0,	0,	0,	2*t2,	1,	0,	-2*t2,	-1,	0,	0,	0,	0;	%10
		0,	0,	0,	0,	0,	0,	2*t3,	1,	0,	-2*t3,	-1,	0;	%11
		0,	0,	0,	0,	0,	0,	0,	0,	0,	2*t4,	1,	0];	%12
	abc1234 = X = M \ V;
endfunction
